 # x1=0.5d0
 # x                         phi(x1,x2)
   0.0000000000000000        1.0000000000000000     
   3.3333333333333333E-002  0.90026826080015432     
   6.6666666666666666E-002  0.81040005094740997     
  0.10000000000000001       0.72941075698914604     
  0.13333333333333333       0.65641304483633978     
  0.16666666666666666       0.59060713799132658     
  0.20000000000000001       0.53127205507832109     
  0.23333333333333334       0.47775771067379968     
  0.26666666666666666       0.42947779289239801     
  0.29999999999999999       0.38590333969497848     
  0.33333333333333331       0.34655694354236966     
  0.36666666666666664       0.31100752090434242     
  0.40000000000000002       0.27886558932243632     
  0.43333333333333335       0.24977900028237521     
  0.46666666666666667       0.22342908113567606     
  0.50000000000000000       0.19952714377664257     
  0.53333333333333333       0.17781132178682896     
  0.56666666666666665       0.15804370135980503     
  0.59999999999999998       0.14000771455998215     
  0.63333333333333330       0.12350576637344073     
  0.66666666666666663       0.10835706957594050     
  0.69999999999999996        9.4395663671533098E-002
  0.73333333333333328        8.1468596076263861E-002
  0.76666666666666661        6.9434245420424145E-002
  0.80000000000000004        5.8160768431239643E-002
  0.83333333333333337        4.7524653406048716E-002
  0.86666666666666670        3.7409364751293271E-002
  0.90000000000000002        2.7704064364247969E-002
  0.93333333333333335        1.8302396583413774E-002
  0.96666666666666667        9.1013238143387576E-003
   1.0000000000000000        0.0000000000000000     

 # x2=0.5d0
 # x                         phi(x1,x2)
   0.0000000000000000        0.0000000000000000     
   3.3333333333333333E-002   2.0856373131131117E-002
   6.6666666666666666E-002   4.1484237582665881E-002
  0.10000000000000001        6.1657587446996863E-002
  0.13333333333333333        8.1155396661489743E-002
  0.16666666666666666        9.9764040653500516E-002
  0.20000000000000001       0.11727963689636116     
  0.23333333333333334       0.13351027873360652     
  0.26666666666666666       0.14827813799851541     
  0.29999999999999999       0.16142141339442972     
  0.33333333333333331       0.17279610329220740     
  0.36666666666666664       0.18227758352513762     
  0.40000000000000002       0.18976197289626176     
  0.43333333333333335       0.19516727143380119     
  0.46666666666666667       0.19843425891234592     
  0.50000000000000000       0.19952714377664257     
  0.53333333333333333       0.19843395533778077     
  0.56666666666666665       0.19516667493189024     
  0.59999999999999998       0.18976110460517315     
  0.63333333333333330       0.18227647477382444     
  0.66666666666666663       0.17279479515914492     
  0.69999999999999996       0.16141995608320120     
  0.73333333333333328       0.14827658991318712     
  0.76666666666666661       0.13350870506093979     
  0.80000000000000004       0.11727810747199038     
  0.83333333333333337        9.9762626948712144E-002
  0.86666666666666670        8.1154167887837636E-002
  0.90000000000000002        6.1656606015929372E-002
  0.93333333333333335        4.1483554403381771E-002
  0.96666666666666667        2.0856023380926153E-002
   1.0000000000000000        0.0000000000000000     
